0 51 us2020election FID
1 41         0.16560173
1 19        0.183639322
1 10        0.165732679
1 18        0.200387523
1 11        0.294734021
1 4        0.166842407
1 25        0.352077756
1 43        0.320802961
2 45       0.0210247892
2 27       0.0217767117
2 5       0.0235730537
2 12       0.0227424522
2 29       0.0230449612
2 38       0.0266144071
2 48       0.0278239209
2 13       0.0235186246
3 44       0.0791031809
3 51        0.103636681
3 13       0.0952126654
3 6        0.129417989
3 29        0.140992685
3 5        0.119982935
3 45        0.198412308
3 32        0.180122882
4 17        0.143972699
4 43        0.162159556
4 1        0.166842407
4 14        0.164354351
4 37        0.196144427
4 25        0.285186307
4 26        0.288179651
4 19        0.260060653
5 32       0.0732915487
5 51       0.0753866603
5 48       0.0975898214
5 13        0.115448121
5 29        0.280738324
5 38        0.146253546
5 45        0.123676686
5 3        0.119982935
6 37        0.114263927
6 3        0.129417989
6 28        0.159083066
6 42        0.131424314
6 17        0.139118527
6 45        0.163189472
6 51        0.223606798
6 32        0.216261337
7 21        0.208345994
7 8        0.261306892
7 33        0.322599109
7 46        0.408040922
7 31        0.414923472
7 22        0.892288263
7 40          0.8535792
7 30        0.423862014
8 40        0.209249901
8 33        0.252522032
8 31        0.682693267
8 7        0.261306892
8 9        0.665720536
8 21        0.780084363
8 39        0.336790074
8 47        0.274034318
9 33         0.23241991
9 34        0.243346461
9 49         0.27623677
9 31        0.374923851
9 8        0.665720536
9 21         3.75557883
9 39        0.471142847
9 47        0.433648735
10 47        0.104261684
10 18        0.107006967
10 25        0.120367974
10 43        0.121731544
10 11        0.242107331
10 41        0.181409049
10 1        0.165732679
10 34        0.132004143
11 49        0.150837284
11 25         0.16049297
11 43        0.230409242
11 18        0.191138914
11 10        0.242107331
11 41        0.351581277
11 1        0.294734021
11 34        0.200285008
12 45       0.0205853267
12 13       0.0207489368
12 48       0.0222270825
12 3        0.021347139
12 29       0.0226933682
12 38       0.0233049859
12 5        0.024641591
12 2       0.0227424522
13 3       0.0952126654
13 5        0.115448121
13 48        0.151993062
13 51        0.139122432
13 29        0.184802793
13 38        0.167650071
13 27        0.176527526
13 45        0.171384703
14 4        0.164354351
14 23        0.174235596
14 16        0.210111856
14 43        0.197662044
14 15        0.342014786
14 18        0.215614908
14 26        0.272670942
14 50        0.215163251
15 26         0.15707028
15 50        0.166350439
15 23        0.220067417
15 49        0.172521268
15 36        0.284669318
15 14        0.342014786
15 18         0.39133024
15 43        0.248101534
16 4        0.137594804
16 42        0.140217154
16 28        0.158150262
16 17        0.165063928
16 50        0.230806586
16 14        0.210111856
16 26        0.258890187
16 24        0.233787204
17 6        0.139118527
17 44        0.141361149
17 16        0.165063928
17 4        0.143972699
17 26        0.168878206
17 28        0.297233591
17 37        0.329652615
17 42        0.160488629
18 41        0.175703514
18 49        0.207907397
18 11        0.191138914
18 14        0.215614908
18 36         0.26805028
18 1        0.200387523
18 43        0.506928914
18 15         0.39133024
19 11         0.11490572
19 43        0.135003795
19 37        0.140621387
19 44        0.136212732
19 1        0.183639322
19 4        0.260060653
19 25        0.348836738
19 26        0.136901936
20 8        0.111791312
20 31        0.133253642
20 33        0.148379548
20 7        0.195207531
20 30        0.346444115
20 22        0.247863637
20 46        0.272621286
20 40         0.22942479
21 34        0.229355385
21 33        0.244560188
21 49        0.259540723
21 47        0.388802018
21 9         3.75557883
21 8        0.780084363
21 39        0.480430659
21 31        0.416258558
22 8        0.202515058
22 20        0.247863637
22 33        0.264308974
22 31        0.283245207
22 30        0.695165597
22 7        0.892288263
22 40         1.58331739
22 46        0.499021629
23 16        0.119013047
23 39        0.119563007
23 14        0.174235596
23 49        0.134172961
23 15        0.220067417
23 50        0.217962194
23 36        0.206954635
23 18        0.146608497
24 17        0.113776761
24 26        0.122952875
24 35        0.159486388
24 14        0.123987342
24 16        0.233787204
24 42        0.161307109
24 50        0.216077996
24 28        0.137871767
25 14         0.13670326
25 18         0.15422809
25 43        0.219492558
25 26         0.15937697
25 19        0.348836738
25 4        0.285186307
25 1        0.352077756
25 11         0.16049297
26 43        0.151476731
26 15         0.15707028
26 17        0.168878206
26 25         0.15937697
26 16        0.258890187
26 14        0.272670942
26 4        0.288179651
26 37        0.174146801
27 48       0.0923784868
27 29       0.0959595685
27 42        0.102505029
27 6        0.110804497
27 13        0.176527526
27 35        0.109066366
27 51        0.219640221
27 45        0.124932477
28 51        0.126801796
28 37        0.156674007
28 24        0.137871767
28 6        0.159083066
28 42        0.341098324
28 35        0.168127788
28 16        0.158150262
28 17        0.297233591
29 27       0.0959595685
29 51        0.102107127
29 48        0.112228639
29 3        0.140992685
29 38        0.165283838
29 5        0.280738324
29 45        0.201611264
29 13        0.184802793
30 8         0.16342793
30 31        0.214530046
30 33        0.248948854
30 7        0.423862014
30 20        0.346444115
30 22        0.695165597
30 46        0.863803965
30 40        0.499975002
31 22        0.283245207
31 40        0.289980569
31 33        0.345915165
31 39        0.311997674
31 9        0.374923851
31 7        0.414923472
31 8        0.682693267
31 21        0.416258558
32 28        0.105028922
32 17        0.114407715
32 45        0.134933723
32 51        0.114812379
32 3        0.180122882
32 44        0.135390904
32 6        0.216261337
32 37        0.114937366
33 21        0.244560188
33 30        0.248948854
33 22        0.264308974
33 8        0.252522032
33 31        0.345915165
33 7        0.322599109
33 46        0.325575761
33 39         0.32551021
34 39        0.180098343
34 8        0.193097335
34 9        0.243346461
34 11        0.200285008
34 49        0.301520939
34 47         0.49187731
34 41        0.448574843
34 21        0.229355385
35 6         0.10142546
35 17        0.108689424
35 27        0.109066366
35 16        0.113652655
35 24        0.159486388
35 42        0.331174852
35 28        0.168127788
35 51        0.119583608
36 34        0.171668065
36 43        0.175957922
36 47        0.207629362
36 39        0.199014532
36 49        0.366829861
36 15        0.284669318
36 18         0.26805028
36 23        0.206954635
37 25        0.120146755
37 16        0.131260952
37 19        0.140621387
37 28        0.156674007
37 4        0.196144427
37 44        0.222070389
37 17        0.329652615
37 26        0.174146801
38 3       0.0761330497
38 51       0.0766683172
38 5        0.146253546
38 27       0.0879771562
38 29        0.165283838
38 48        0.289707852
38 13        0.167650071
38 45       0.0998122799
39 36        0.199014532
39 49        0.277670672
39 33         0.32551021
39 47        0.284071422
39 9        0.471142847
39 21        0.480430659
39 8        0.336790074
39 31        0.311997674
40 8        0.209249901
40 20         0.22942479
40 33        0.239912342
40 31        0.289980569
40 30        0.499975002
40 22         1.58331739
40 7          0.8535792
40 46        0.379479998
41 1         0.16560173
41 43         0.17286117
41 18        0.175703514
41 49        0.211492601
41 11        0.351581277
41 10        0.181409049
41 34        0.448574843
41 47        0.241384692
42 37        0.107939447
42 6        0.131424314
42 16        0.140217154
42 51        0.134042959
42 24        0.161307109
42 35        0.331174852
42 28        0.341098324
42 17        0.160488629
43 41         0.17286117
43 36        0.175957922
43 25        0.219492558
43 14        0.197662044
43 18        0.506928914
43 1        0.320802961
43 11        0.230409242
43 15        0.248101534
44 6        0.102469129
44 26        0.102851868
44 25        0.102650146
44 32        0.135390904
44 37        0.222070389
44 4        0.130078501
44 19        0.136212732
44 17        0.141361149
45 5        0.123676686
45 27        0.124932477
45 6        0.163189472
45 32        0.134933723
45 13        0.171384703
45 29        0.201611264
45 3        0.198412308
45 51         0.18080345
46 8         0.17182232
46 31        0.229088011
46 20        0.272621286
46 40        0.379479998
46 30        0.863803965
46 22        0.499021629
46 33        0.325575761
46 7        0.408040922
47 36        0.207629362
47 41        0.241384692
47 8        0.274034318
47 39        0.284071422
47 9        0.433648735
47 49        0.477420798
47 21        0.388802018
47 34         0.49187731
48 3       0.0633551002
48 51       0.0734036348
48 5       0.0975898214
48 45       0.0838551795
48 29        0.112228639
48 38        0.289707852
48 13        0.151993062
48 27       0.0923784868
49 18        0.207907397
49 41        0.211492601
49 21        0.259540723
49 9         0.27623677
49 34        0.301520939
49 47        0.477420798
49 36        0.366829861
49 39        0.277670672
50 18        0.117635499
50 36        0.119023247
50 14        0.215163251
50 26        0.148595628
50 24        0.216077996
50 23        0.217962194
50 16        0.230806586
50 15        0.166350439
51 32        0.114812379
51 35        0.119583608
51 28        0.126801796
51 13        0.139122432
51 27        0.219640221
51 6        0.223606798
51 42        0.134042959
51 45         0.18080345
